153232
77105
88559
90794
66768
68444
98616
107276
85206
77943
77943
86883
98616
98616
77943
77384
77384
77943
111187
111187
68444
98616
76825
107276
107276
90794
90794
77943
77943
77943
85206
88559
77943
109232
111187
98616
66489
77943
85206
88559
77943
77943
77943
77943
77943
107276
85206
107276
90794
77943
77943
68444
98616
107276
107276
88559
77943
77943
77943
77943
77943
107276
88559
77943
77943
77943
76546
77943
85206
77105
107276
90794
90794
77943
98616
76825
85206
77943
107276
109232
66768
98616
76546
107276
85206
107276
85206
111187
98616
100013
76546
107276
77384
77943
90794
90794
98616
98616
76546
77105
77943
77943
86883
77943
77943
76546
107276
88559
77943
86883
77943
77943
77943
76546
77105
107276
90794
77943
77943
77943
98616
85206
85206
77943
77943
86883
98616
77943
98616
107276
107276
88559
77943
76546
68444
76546
76546
77384
85206
90794
77943
77943
77943
77943
85206
107276
107276
68444
77943
77943
77943
85206
107276
107276
107276
109232
98616
77943
76546
107276
85206
77943
77943
86883
77943
77943
76546
77105
85206
77943
86883
77943
98616
77943
85206
77384
77943
107276
111187
98616
77943
98616
107276
88559
88559
77943
86883
77943
77943
98616
85206
77943
77943
86883
68444
98616
77943
85206
107276
107276
111187
111187
68444
68444
76546
107276
88559
77943
77943
77943
77943
98616
98616
107276
107276
90794
77943
98616
77943
98616
85206
77105
85206
86883
77943
98616
77943
76546
77105
77384
77943
86883
90794
77943
76546
77384
77384
107276
109232
111187
68444
98616
107276
85206
77105
77943
86883
77943
77943
76546
85206
77105
77943
77943
77943
90794
77943
77943
77105
88559
77943
86883
77943
77943
77943
85206
85206
77943
86883
77943
77943
98616
77943
85206
77384
77943
86883
77943
98616
77943
76546
107276
88559
77943
86883
77943
77943
98616
107276
85206
77943
111187
111187
98616
77943
76546
85206
77384
77943
86883
77943
68444
98616
77943
77105
85206
77943
77943
68444
76546
76546
107276
85206
88559
90794
77943
98616
98616
85206
77105
77105
107276
111187
66768
68444
77943
77105
77105
107276
107276
109232
98616
77943
76546
77105
85206
77943
86883
77943
68444
98616
107276
85206
77943
86883
77943
77943
98616
77943
77105
77384
107276
111187
111187
68444
76546
77943
77105
85206
77943
77943
68444
68444
98616
76825
77384
77943
86883
77943
77943
77943
76546
107276
88559
77943
111187
98616
77943
76546
76546
77384
85206
77943
77943
68444
77943
76546
107276
107276
88559
90794
77943
77943
76546
85206
77384
77384
107276
111187
98616
77943
98616
85206
77105
77943
77943
86883
77943
77943
76546
107276
107276
85206
86883
111187
68444
98616
107276
107276
107276
68444
86883
90794
77943
76546
107276
88559
77943
86883
77943
68444
76546
76546
107276
85206
77943
86883
77943
77943
76546
85206
77384
77943
77943
77943
77943
77943
98616
107276
88559
77943
86883
90794
77943
76546
76546
77384
107276
109232
90794
77943
77943
76546
85206
85206
77943
86883
77943
77943
77943
85206
85206
88559
107276
109232
76546
76546
77943
77105
77384
77943
77943
86883
77943
77943
98895
85206
77943
77943
111187
90794
77943
76546
85206
77384
77943
109232
90794
90794
77943
