580314
3582528
8651357
826855
5792318
9911859
2422597
6579574
10736550
3195046
7840076
552517
4501086
8658062
1108457
5785614
9911859
2429302
6579574
10736550
3188342
7840076
552517
4501086
8658062
1115161
5785614
9918564
2422597
6579574
10729845
3195046
7578589
552517
4501086
8658062
1108457
5785614
9905155
2409188
6579574
10736550
3188342
7578589
552517
4501086
8658062
1115161
5792318
9911859
2422597
6579574
10729845
3188342
7431083
552517
4501086
8658062
1108457
5785614
9958793
2429302
6579574
10736550
3188342
7578589
552517
4501086
8651357
1115161
5792318
9918564
2429302
6579574
10729845
3188342
7840076
552517
4501086
8658062
1108457
5785614
9918564
2422597
6586278
10736550
3188342
7578589
552517
4501086
8658062
1108457
5792318
9965498
2429302
6579574
10729845
3188342
7578589
552517
4507790
8658062
1108457
5664927
9905155
2415893
6572869
10729845
3188342
6230924
553914
4494381
8651357
1101752
5678337
9905155
2422597
6572869
10729845
3181637
6230924
552238
4501086
8651357
1108457
5778909
9905155
2415893
6572869
10723140
3188342
7833371
552517
4494381
8651357
1101752
5778909
9905155
2422597
6572869
10729845
3181637
6230924
552238
4494381
8651357
1108457
5678337
9905155
2415893
6572869
10723140
3188342
6230924
552517
4494381
8651357
1101752
5678337
9898450
2422597
6572869
10729845
3181637
6230924
552238
4494381
8644652
1108457
5685042
9905155
2415893
6572869
10723140
3181637
6230924
552517
4494381
8651357
1101752
5758794
9905155
2415893
6579574
10729845
3181637
7833371
552517
4494381
8644652
1101752
5685042
9905155
2422597
6572869
10723140
3181637
6230924
552517
4501086
8651357
1101752
5678337
9905155
2415893
6572869
10729845
3188342
6230924
552517
4494381
8651357
1101752
5685042
9905155
2422597
6572869
10729845
3181637
6230924
552238
4501086
8651357
1108457
5678337
9905155
2415893
6572869
10729845
3188342
6230924
552517
4474266
8631242
1101752
5778909
9905155
2422597
6572869
10729845
3181637
7833371
552238
4494381
8651357
1108457
5678337
9905155
2415893
6572869
10723140
3188342
6230924
552517
4494381
8651357
1101752
5678337
9898450
2422597
6572869
10729845
3181637
6230924
552238
4494381
8644652
1108457
5678337
9905155
2415893
6572869
10723140
3181637
6257743
552517
4494381
8651357
1101752
5678337
9898450
2415893
6572869
10729845
3181637
6230924
552517
4494381
8644652
1108457
5785614
9905155
2422597
6572869
10723140
3181637
7833371
552517
4501086
8651357
1101752
5664927
9905155
2395778
6559459
10729845
3181637
6230924
552517
4494381
8651357
1101752
5685042
9905155
2422597
6572869
10729845
3181637
6230924
552238
4501086
8651357
1108457
5664927
9905155
2415893
6572869
10729845
3188342
6230924
552517
4494381
8651357
1101752
5678337
9905155
2422597
6572869
10729845
3181637
7826666
552238
4494381
8651357
1108457
5778909
9905155
2415893
6572869
10723140
3188342
7833371
552517
4494381
8651357
1101752
5658222
9918564
2422597
6572869
10729845
3181637
6230924
552238
4494381
8651357
1108457
5685042
9905155
2415893
6572869
10723140
3181637
6230924
552238
4494381
8651357
1101752
5678337
9898450
2422597
6572869
10729845
3181637
6230924
552517
4494381
8644652
1108457
5685042
9905155
2415893
6572869
10723140
3181637
7833371
552517
4494381
8651357
1101752
5778909
9905155
2415893
6572869
10729845
3181637
6230924
552517
4494381
8651357
1101752
5685042
9905155
2422597
6572869
10723140
3181637
6230924
552238
4501086
8651357
1101752
5678337
9905155
2415893
6572869
10709731
3168227
6230924
552517
4494381
8651357
1101752
5678337
9905155
2422597
6572869
10729845
3181637
6230924
552238
4501086
8651357
1108457
5678337
9905155
2415893
6572869
10729845
3188342
7833371
552517
4494381
8651357
1101752
5778909
9905155
2422597
6572869
10729845
3181637
6230924
552238
4494381
8651357
1108457
5678337
9905155
2415893
6572869
10723140
3188342
6230924
552517
4494381
8651357
1101752
5678337
9898450
2422597
6572869
10729845
3181637
6230924
552238
4494381
8644652
1108457
5685042
9905155
2415893
6572869
10723140
3181637
6237629
552517
4474266
8631242
1101752
5678337
